1111111111111111111111111
1S00000000001111111111111
1111011111101111111111111
1000010000100000000000011
1011110111110111111111011
1000000000000100000011011
1111111101111110111011011
1000000001000000100011011
1011111111011111101111011
1000000000010000001000011
1111111111011111111011111
1000000000000000001000001
1011111111110111111011111
1000000000000000000000001
1111111111111111111111011
1000000000000000000000011
1011111111111111111111111
1000000000000000000000011
1111111111111111111111011
1000000000000000000000011
1111111111111111111111011
1000000000000000000000011
1011111111111111111111111
100000000000000000000000E
1111111111111111111111111